min: 0.0 MiB
q1: 231121.78094530106 MiB
median: 1424490.9252824783 MiB
q3: 5276860.558439732 MiB
max: 27598705.092935562 MiB
