min: 0.0 MiB
q1: 874843.2459950447 MiB
median: 5536873.484769821 MiB
q3: 16508245.423906326 MiB
max: 52749769.86733055 MiB
