min: 0.0 MiB
q1: 8.80238389968872 MiB
median: 4220.315022468567 MiB
q3: 417548.48898267746 MiB
max: 36373049.87499523 MiB
