min: 0.0 MiB
q1: 8.369328022003174 MiB
median: 1241.7669477462769 MiB
q3: 250034.79257440567 MiB
max: 27588993.929460526 MiB
