min: 0.0 MiB
q1: 1264.4809913635254 MiB
median: 9217.93050289154 MiB
q3: 33698.57284259796 MiB
max: 210796.02803134918 MiB
