min: 0.0 MiB
q1: 946.717770576477 MiB
median: 7995.318519592285 MiB
q3: 30883.752467155457 MiB
max: 210363.54222106934 MiB
