min: 0.0 MiB
q1: 949.1944332122803 MiB
median: 8002.483034133911 MiB
q3: 30902.378666877747 MiB
max: 210375.44988250732 MiB
