min: 0.0 MiB
q1: 1210.1608791351318 MiB
median: 9052.417443275452 MiB
q3: 33406.53829288483 MiB
max: 210567.89049720764 MiB
