min: 0.0 MiB
q1: 1209.5662937164307 MiB
median: 9053.099653244019 MiB
q3: 33481.69913101196 MiB
max: 210347.03189754486 MiB
