min: 0.0 MiB
q1: 997.3850564956665 MiB
median: 8163.687829017639 MiB
q3: 31200.567984580994 MiB
max: 210801.68023490906 MiB
