min: 0.0 MiB
q1: 437.1567144393921 MiB
median: 2547.9708185195923 MiB
q3: 9124.57981300354 MiB
max: 60435.479409217834 MiB
