min: 0.0 MiB
q1: 893.8377838134766 MiB
median: 3900.077736854553 MiB
q3: 12006.822582244873 MiB
max: 62255.76708602905 MiB
