min: 0.0 MiB
q1: 469.64717388153076 MiB
median: 2708.160502433777 MiB
q3: 9628.308948516846 MiB
max: 62182.48220348358 MiB
