min: 0.0 MiB
q1: 831.4164085388184 MiB
median: 3666.6069593429565 MiB
q3: 11371.22975730896 MiB
max: 60400.39841079712 MiB
