min: 0.0 MiB
q1: 19.577064514160156 MiB
median: 240.00625801086426 MiB
q3: 1944.3367376327515 MiB
max: 159882.88078308105 MiB
