min: 0.0 MiB
q1: 1588.6012649536133 MiB
median: 8242.310981750488 MiB
q3: 29014.081179142 MiB
max: 168807.8246307373 MiB
