min: 0.0 MiB
q1: 19.577064514160156 MiB
median: 240.00625801086426 MiB
q3: 1944.336730003357 MiB
max: 159882.87608337402 MiB
