min: 0.0 MiB
q1: 1588.6012649536133 MiB
median: 8242.3099899292 MiB
q3: 29014.07474756241 MiB
max: 168807.7605895996 MiB
