min: 0.0 MiB
q1: 0.055512428283691406 MiB
median: 0.46675586700439453 MiB
q3: 5.57261323928833 MiB
max: 314.06579399108887 MiB
