min: 0.0 MiB
q1: 0.33072829246520996 MiB
median: 2.7310972213745117 MiB
q3: 19.89234757423401 MiB
max: 314.16818141937256 MiB
