min: 0.0 MiB
q1: 0.05573463439941406 MiB
median: 0.46949338912963867 MiB
q3: 5.570319414138794 MiB
max: 318.29316329956055 MiB
