min: 0.0 MiB
q1: 0.055283546447753906 MiB
median: 0.45974063873291016 MiB
q3: 5.468113422393799 MiB
max: 312.3385829925537 MiB
