min: 0.0 MiB
q1: 0.3475790023803711 MiB
median: 2.8895015716552734 MiB
q3: 20.836180686950684 MiB
max: 309.11066341400146 MiB
