min: 0.0 MiB
q1: 0.3418910503387451 MiB
median: 2.825108051300049 MiB
q3: 20.3107328414917 MiB
max: 317.90911388397217 MiB
